# Tue 12:03:09 02-Oct-2001
begin	im1
	xrefmean	1023.224023569023
	yrefmean	2316.175993265991
	lngmean		281.7314296035355
	latmean		-0.1940210404040404
	pixsystem	logical
	coosystem	j2000
	projection	tnx
	lngref		281.749999999995
	latref		-2.777777777777800E-6
	lngunits	degrees
	latunits	degrees
	xpixref		-1084.193597416742
	ypixref		2051.191597114129
	geometry	general
	function	polynomial
	xishift		675.6461892189388
	etashift	-367.4751477200164
	xmag		0.3315103009562401
	ymag		0.331800487769357
	xrotation	90.77988489716709
	yrotation	270.680835620604
	wcsxirms	0.1462208921878485
	wcsetarms	0.1620121594966243
	xirms		0.146220892187848
	etarms		0.1620121594966234
	surface1	11
			3.	3.
			2.	2.
			2.	2.
			0.	0.
			7.	7.
			2041.77	2041.77
			3.93	3.93
			4097.039999999999	4097.039999999999
			675.6461892189388	-367.4751477200164
			-0.004512232764189437	-0.3314795912203022
			-0.3317770626836582	0.003942633762747356
	surface2	44
			3.	3.
			6.	6.
			6.	6.
			1.	1.
			7.	7.
			2041.77	2041.77
			3.93	3.93
			4097.039999999999	4097.039999999999
			-1.009832630266715	-0.009796582563865285
			-0.003227982964812748	6.960000491610385E-4
			6.267576914798553E-6	-2.688983062001959E-6
			-6.184698199350489E-9	4.571959374581640E-9
			2.495247837340686E-12	-2.559998977004529E-12
			-3.622798469949346E-16	5.279711625895886E-16
			9.053096810068828E-4	-0.001037866913609298
			2.225738100012390E-5	1.012374660824367E-5
			-5.079293916621478E-8	-3.368483905452039E-8
			5.041685668746186E-11	4.015521065119614E-11
			-2.228024498225881E-14	-2.134283763531149E-14
			3.581012314462359E-18	4.154207583988784E-18
			2.630049355391254E-6	2.357904471613333E-6
			-3.408833589479203E-8	-2.398199161609736E-8
			7.819257533264059E-11	7.303879727249404E-11
			-7.766474302409081E-14	-8.717565541829008E-14
			3.463613959128850E-17	4.591827607202746E-17
			-5.626955121843693E-21	-8.855097025853552E-21
			-2.381624065824830E-9	-1.661201165337197E-9
			2.042962065257787E-11	1.674268040119708E-11
			-4.651056744238305E-14	-4.996398413090433E-14
			4.617031940134134E-17	5.931012620455406E-17
			-2.068863512597223E-20	-3.104735272393404E-20
			3.385604897878331E-24	5.952413562528066E-24
			6.624748626671900E-13	4.855275415564694E-13
			-5.284642327211244E-15	-4.699919022878196E-15
			1.203249427866936E-17	1.388643472598716E-17
			-1.202445331603732E-20	-1.645806198823274E-20
			5.450459817088213E-24	8.604293166635555E-24
			-9.045365885826463E-28	-1.646841480517212E-27
			-6.171592846745761E-17	-4.961344735218620E-17
			4.955920987705218E-19	4.631816570314716E-19
			-1.137592140500015E-21	-1.358900202012183E-21
			1.152534564742635E-24	1.613279281445559E-24
			-5.315582829953312E-28	-8.452840035333741E-28
			8.990970735537020E-32	1.619989785742540E-31
# Tue 12:22:27 02-Oct-2001
begin	im2
	xrefmean	1117.461873198848
	yrefmean	1982.04629682997
	lngmean		281.4709834365994
	latmean		-0.08932774063400582
	pixsystem	logical
	coosystem	j2000
	projection	tnx
	lngref		281.749999999995
	latref		-2.777777777777800E-6
	lngunits	degrees
	latunits	degrees
	xpixref		4195.213737827411
	ypixref		995.0477371479124
	geometry	general
	function	polynomial
	xishift		-1384.522721009556
	etashift	332.7153800538998
	xmag		0.3300939735316521
	ymag		0.3315281903462274
	xrotation	0.1170534806192822
	yrotation	180.0502225712112
	wcsxirms	0.1498109889409192
	wcsetarms	0.1667299482683985
	xirms		0.1498109889409215
	etarms		0.1667299482683993
	surface1	11
			3.	3.
			2.	2.
			2.	2.
			0.	0.
			9.200000000000001	9.200000000000001
			2042.15	2042.15
			5.869999999999999	5.869999999999999
			4095.36	4095.36
			-1384.522721009556	332.7153800538998
			0.330093284671841	-6.743711663210749E-4
			-2.906007415821601E-4	-0.3315280629832916
	surface2	44
			3.	3.
			6.	6.
			6.	6.
			1.	1.
			9.200000000000001	9.200000000000001
			2042.15	2042.15
			5.869999999999999	5.869999999999999
			4095.36	4095.36
			2.508109743628353	-2.175923473034253
			-0.004493377570323754	0.003593338204793801
			8.722427431972157E-6	-2.654979987350518E-6
			-1.190957221750460E-8	1.936302507171614E-9
			7.382791623448904E-12	-9.528910278693327E-13
			-1.567463113821947E-15	2.176823102974641E-16
			-0.004166932395411077	0.002710710381900808
			1.659602111110479E-5	2.355965617358385E-6
			-5.803609804324770E-8	-2.400284344335458E-8
			8.158795966834180E-11	3.407421086111186E-11
			-4.707121284530127E-14	-1.765916460588206E-14
			9.502806994611795E-18	3.057437495053701E-18
			4.486169106272141E-6	-2.142459542864505E-6
			-3.194281128886988E-8	-4.431110707674980E-9
			1.000659591125029E-10	3.348142244027753E-11
			-1.293861858302236E-13	-4.697947230073442E-14
			7.113800976972464E-17	2.413380414230807E-17
			-1.393415990646715E-20	-4.163636528958047E-21
			-2.715905296950305E-9	1.082001953993600E-9
			2.165645323192786E-11	1.104895937445005E-12
			-6.375130864009179E-14	-1.477161540641023E-14
			7.863906377989432E-17	2.122985649734313E-17
			-4.194527680604618E-20	-1.073105457824938E-20
			8.050378868329563E-24	1.798307002128056E-24
			7.511167857543188E-13	-2.535605309954849E-13
			-5.879340089848855E-15	1.402774776100446E-17
			1.668346342421811E-17	2.659930436952305E-18
			-2.002362436710298E-20	-3.909299173050833E-21
			1.048152924133510E-23	1.905789543795273E-24
			-1.985477310236126E-27	-2.998131299018943E-28
			-7.141481518872987E-17	2.362768259926798E-17
			5.497479868056741E-19	-1.720710640810469E-20
			-1.526004184262592E-21	-1.710427148360816E-22
			1.801349603565571E-24	2.523455078360512E-25
			-9.318407379307327E-28	-1.142773522781954E-28
			1.750367350081897E-31	1.571631322819083E-32
# Tue 12:37:18 02-Oct-2001
begin	im3
	xrefmean	997.32892601432
	yrefmean	2233.288090692128
	lngmean		281.8899182219569
	latmean		0.1670482338902149
	pixsystem	logical
	coosystem	j2000
	projection	tnx
	lngref		281.749999999995
	latref		-2.777777777777800E-6
	lngunits	degrees
	latunits	degrees
	xpixref		3142.791004789359
	ypixref		2004.040821399221
	geometry	general
	function	polynomial
	xishift		675.1970451284908
	etashift	1019.356448628145
	xmag		0.3280447440758811
	ymag		0.3306690794053752
	xrotation	90.70154535434129
	yrotation	270.9980178494563
	wcsxirms	0.1534560820822535
	wcsetarms	0.1662325203987462
	xirms		0.1534560820822534
	etarms		0.1662325203987453
	surface1	11
			3.	3.
			2.	2.
			2.	2.
			0.	0.
			1.31	1.31
			2041.33	2041.33
			1.73	1.73
			4080.	4080.
			675.1970451284908	1019.356448628145
			-0.004016570116419127	-0.3280201537715484
			-0.3306189163521599	0.005759533394454964
	surface2	44
			3.	3.
			6.	6.
			6.	6.
			1.	1.
			1.31	1.31
			2041.33	2041.33
			1.73	1.73
			4080.	4080.
			-12.13555926558456	-1.161811886950488
			0.05328662434741615	-0.01447062319645032
			-1.119013416083076E-4	4.111220574767643E-5
			1.097663258452998E-7	-4.211922646489590E-8
			-4.943638535497412E-11	1.887531758085465E-11
			8.308604119345911E-15	-3.142467066952901E-15
			0.0283314086541252	-0.004589068216083902
			-1.554172363792963E-4	5.402638108064607E-5
			3.348353858154871E-7	-1.204928461028162E-7
			-3.250047997965699E-10	1.125368375952948E-10
			1.452492149590062E-13	-4.693250785610446E-14
			-2.433299349128359E-17	7.185570863788820E-18
			-2.810685309316080E-5	7.605139083600422E-6
			1.748580847517191E-7	-6.131307872106830E-8
			-3.756549233638642E-10	1.391450290266729E-10
			3.635958359885627E-13	-1.321941128746737E-13
			-1.627314910118238E-16	5.553534615545638E-17
			2.736868188960340E-20	-8.533306279366968E-21
			1.398240363293694E-8	-4.040042864743726E-9
			-9.134205061718720E-11	3.274129486911161E-11
			1.958196111576983E-13	-7.870701456606054E-14
			-1.899142540037307E-16	7.883932157105002E-17
			8.536428904572815E-20	-3.495138028401976E-20
			-1.443239039018703E-23	5.697395122491146E-24
			-3.310263206629244E-12	9.206439849744697E-13
			2.210516035370621E-14	-8.201788427179540E-15
			-4.757702580006934E-17	2.091942238369538E-17
			4.639061048234594E-20	-2.208969578097075E-20
			-2.097970579711925E-23	1.032228156672635E-23
			3.569757468624610E-27	-1.775401632862725E-27
			2.956749276886090E-16	-7.891834839337531E-17
			-1.996900044606087E-18	7.666864977616770E-19
			4.326694137570085E-21	-2.053975173361604E-21
			-4.246963078151266E-24	2.262015474945738E-24
			1.933424406271072E-27	-1.099882899715303E-27
			-3.311806892957250E-31	1.964294646303971E-31
# Tue 12:52:10 02-Oct-2001
begin	im4
	xrefmean	1042.585652173914
	yrefmean	2248.560807453416
	lngmean		281.7303624378882
	latmean		-5.824430641821949E-4
	pixsystem	logical
	coosystem	j2000
	projection	tnx
	lngref		281.749999999995
	latref		-2.777777777777800E-6
	lngunits	degrees
	latunits	degrees
	xpixref		1033.70537810838
	ypixref		2035.818447719621
	geometry	general
	function	polynomial
	xishift		679.4736506473835
	etashift	334.8680785808553
	xmag		0.3320972450429012
	ymag		0.3319017449904007
	xrotation	90.63994515322033
	yrotation	270.7124058090947
	wcsxirms	0.1076611015779475
	wcsetarms	0.1040013156286102
	xirms		0.1076611015779475
	etarms		0.1040013156286103
	surface1	11
			3.	3.
			2.	2.
			2.	2.
			0.	0.
			1.81	1.81
			2038.98	2038.98
			2.41	2.41
			4098.100000000001	4098.100000000001
			679.4736506473835	334.8680785808553
			-0.003709166808989698	-0.3320765307074077
			-0.3318760893071938	0.004126702537927678
	surface2	44
			3.	3.
			6.	6.
			6.	6.
			1.	1.
			1.81	1.81
			2038.98	2038.98
			2.41	2.41
			4098.100000000001	4098.100000000001
			-3.352380090118272	-2.246419373798432
			0.004009067881693876	0.006875054166234462
			-7.181427208434969E-6	-1.378878599727609E-5
			8.460277133618411E-9	1.485011204369846E-8
			-4.574066041560696E-12	-7.385057157905570E-12
			8.713941620314384E-16	1.365665327149190E-15
			0.005582252797152563	0.003914592169840192
			-1.062654139281115E-5	-2.897553302844863E-5
			2.795931581418274E-8	7.986984456817546E-8
			-3.372336096557361E-11	-9.200483146665836E-11
			1.797526667078813E-14	4.664685511084437E-14
			-3.449124664864397E-18	-8.657913580253707E-18
			-2.749577263205631E-6	-3.636360589981394E-6
			9.269022120271653E-9	4.062039644532723E-8
			-2.286012718917431E-11	-1.139695719905557E-10
			2.703792589127517E-14	1.300286452986135E-13
			-1.497781537083761E-17	-6.550667845589551E-17
			3.063963996689503E-21	1.211578754262993E-20
			5.563936300283658E-10	1.771125950045157E-9
			-3.049602386311931E-12	-2.235870768238292E-11
			5.341429796279396E-15	6.219220304368059E-14
			-5.685182008619026E-18	-7.000995035189587E-17
			3.582056592193885E-21	3.493044622361383E-20
			-8.761113877614887E-25	-6.426066822191391E-24
			-3.835476937442661E-14	-3.987621916388240E-13
			3.447046948455418E-16	5.320758720668733E-15
			1.358200539410380E-19	-1.464021157403343E-17
			-4.727188584656817E-22	1.625851333328875E-20
			8.110369137987607E-26	-8.033119164206659E-24
			4.572000761201467E-29	1.470797644206915E-27
			-7.376736805958207E-19	3.251909451879045E-17
			-3.688054451873457E-21	-4.610792713455697E-19
			-1.139515124395855E-22	1.257147028531296E-21
			1.772594667608311E-25	-1.379076566250199E-24
			-7.761224297898840E-29	6.757428480410410E-28
			8.420593162769582E-33	-1.233676654282455E-31
