# Tue 17:52:19 11-Jun-2002
begin	im0
	xrefmean	996.7269047619046
	yrefmean	981.2027380952375
	lngmean		112.4930138095238
	latmean		-2.098124722222223
	pixsystem	logical
	coosystem	j2000
	projection	tnx
	lngref		112.492083
	latref		-2.09599
	lngunits	degrees
	latunits	degrees
	xpixref		1013.61486045692
	ypixref		1019.858684214123
	geometry	general
	function	polynomial
	xishift		203.2109594332218
	etashift	-203.9276206248604
	xmag		0.2002316320115114
	ymag		0.2001369177970425
	xrotation	179.9481701511011
	yrotation	359.9289008265326
	wcsxirms	0.100508479599954
	wcsetarms	0.1059642194568878
	xirms		0.1005084795999542
	etarms		0.1059642194568882
	surface1	11
			3.	3.
			2.	2.
			2.	2.
			0.	0.
			10.8	10.8
			2030.3	2030.3
			10.91	10.91
			2041.18	2041.18
			203.2109594332218	-203.9276206248604
			-0.2002315500863543	-1.811298127845553E-4
			-2.483527740552495E-4	0.2001367637047221
	surface2	33
			3.	3.
			5.	5.
			5.	5.
			1.	1.
			10.8	10.8
			2030.3	2030.3
			10.91	10.91
			2041.18	2041.18
			2.502189126958008	0.8603315728572971
			-0.01197673365171154	-0.002582469644489228
			1.858626150225826E-5	2.393666893121459E-6
			-1.167420539894411E-8	-7.451350591249107E-10
			2.569095438777320E-12	6.530854218217772E-14
			-0.01693467765199604	-0.00230221565495326
			7.338032579059188E-5	7.493636288566776E-6
			-1.112220705845244E-7	-6.990334747769383E-9
			6.979896963576472E-11	7.159625824786481E-13
			-1.532628324932522E-14	5.405147315170508E-16
			3.049225546950911E-5	1.610897057487474E-6
			-1.237639532789897E-7	-7.216679072842744E-9
			1.839801517180834E-10	6.417057699218781E-12
			-1.153429696860295E-13	1.679899039213301E-15
			2.536214265528577E-17	-1.577189222824030E-18
			-2.076850565284699E-8	-2.764735732499979E-10
			8.141999497528932E-11	3.010984708700743E-12
			-1.195542936791737E-13	-1.928515186603069E-15
			7.467415188711518E-17	-2.639562336816932E-18
			-1.638426060515383E-20	1.414818009569016E-21
			4.785119129206409E-12	-4.126208681730837E-14
			-1.844574772076558E-14	-4.588167436876568E-16
			2.689846481901412E-17	1.081728182420324E-19
			-1.673331460090292E-20	8.368794256530970E-22
			3.660046045456962E-24	-3.842601760953669E-25
