# Thu 16:39:56 22-Jan-2004
begin	im1
	xrefmean	1089.101777777778
	yrefmean	1203.010666666667
	lngmean		108.49931810165
	latmean		-0.002072433261111111
	pixsystem	logical
	coosystem	j2000
	projection	tnx
	lngref		108.41559
	latref		0.06967
	lngunits	degrees
	latunits	degrees
	xpixref		-168.6940290399718
	ypixref		-263.177162452826
	geometry	general
	function	polynomial
	xishift		54.13626949888038
	etashift	-34.60421184108166
	xmag		0.2059714123372732
	ymag		0.2059725509376016
	xrotation	90.11677501227932
	yrotation	89.85005362629266
	wcsxirms	0.06581869345678424
	wcsetarms	0.06813456878543647
	xirms		0.06581869345678542
	etarms		0.06813456878543712
	surface1	11
			3.	3.
			2.	2.
			2.	2.
			0.	0.
			20.06	20.06
			2106.1	2106.1
			60.06	60.06
			2416.93	2416.93
			54.13626949888038	-34.60421184108166
			-4.197917849711949E-4	-0.2059709845465333
			0.2059718455858098	5.390414809576407E-4
	surface2	33
			3.	3.
			5.	5.
			5.	5.
			1.	1.
			20.06	20.06
			2106.1	2106.1
			60.06	60.06
			2416.93	2416.93
			0.1624502493725011	-0.4262500028823127
			-0.003257608542845264	0.005579797623966944
			4.041426902819773E-6	-1.000214780746035E-5
			-1.698126296619451E-9	6.057013858675983E-9
			2.195114475136382E-13	-1.186748844021772E-12
			-7.691801499298058E-4	0.003843959989339271
			4.115541780891374E-6	-2.698267438294301E-5
			-2.744583583504604E-9	4.338111758148042E-8
			-1.407473677431815E-13	-2.604424519288171E-11
			3.982397767706567E-16	5.293699750763332E-15
			1.392020385729234E-6	-7.240460216804788E-6
			1.027790373723616E-9	4.849315510682628E-8
			-7.509819757550985E-12	-7.789286847601049E-11
			6.746485288087678E-15	4.672155632861835E-14
			-1.836798527332526E-18	-9.508233044732470E-18
			-9.234465426944471E-10	4.615633264705166E-9
			-2.444800857388495E-12	-3.175500424595687E-11
			8.199737115583817E-15	5.163938758030333E-14
			-6.349123677454654E-18	-3.111728275918923E-17
			1.548692828946074E-21	6.354604649620875E-21
			1.983620010525251E-13	-9.509672449282000E-13
			6.075229793786967E-16	6.729330759073180E-15
			-2.024490569489056E-18	-1.104475817541822E-17
			1.548350315761124E-21	6.677734399033687E-21
			-3.687822967743250E-25	-1.366608198856767E-24
# Thu 16:40:48 22-Jan-2004
begin	im2
	xrefmean	1068.973578947368
	yrefmean	1227.896789473684
	lngmean		108.4999535811579
	latmean		0.1383411066421053
	pixsystem	logical
	coosystem	j2000
	projection	tnx
	lngref		108.41559
	latref		0.06967
	lngunits	degrees
	latunits	degrees
	xpixref		2272.160830730226
	ypixref		-246.9859001940516
	geometry	general
	function	polynomial
	xishift		49.87005060142565
	etashift	468.4227186847808
	xmag		0.2062239115990267
	ymag		0.2063017031458492
	xrotation	89.86753230212181
	yrotation	90.16858437844451
	wcsxirms	0.06104764595001514
	wcsetarms	0.07923711618026135
	xirms		0.06104764595001252
	etarms		0.07923711618026128
	surface1	11
			3.	3.
			2.	2.
			2.	2.
			0.	0.
			33.98000000000001	33.98000000000001
			2132.94	2132.94
			17.14	17.14
			2405.02	2405.02
			49.87005060142565	468.4227186847808
			4.767887392722221E-4	-0.2062233604315993
			0.2063008101243846	-6.070114502198541E-4
	surface2	33
			3.	3.
			5.	5.
			5.	5.
			1.	1.
			33.98000000000001	33.98000000000001
			2132.94	2132.94
			17.14	17.14
			2405.02	2405.02
			-0.2911539860861039	0.1835269815945484
			-0.001644163081723184	7.684629144471648E-4
			2.067147878526543E-6	-2.026097643863736E-6
			-1.135030239329827E-9	9.668983308688027E-10
			2.929061845430062E-13	-9.793059512833524E-14
			0.001254142616747174	-5.917166416265427E-4
			5.714505008314382E-6	-2.479674855538458E-6
			-8.898594835498737E-9	1.129748917338139E-8
			4.254330890824932E-12	-1.003249639877672E-11
			-7.280929266181500E-16	2.543983504908914E-15
			-3.389946720302161E-7	9.408809580771336E-7
			-1.068864190814726E-8	4.129114625689116E-9
			1.803340700970575E-11	-1.585346139914287E-11
			-9.622264692608551E-15	1.364148748077255E-14
			1.696953124205766E-18	-3.382615151509938E-18
			-2.561649480317316E-10	-6.176105681948972E-10
			7.393370629384577E-12	-2.562222388227346E-12
			-1.242290138029543E-14	9.020431267310319E-15
			6.885703933804315E-18	-7.530701746783243E-18
			-1.268416552466833E-21	1.831421022698690E-21
			3.909645170195215E-14	1.087040513496910E-13
			-1.493029683795771E-15	5.793196953760086E-16
			2.520908209064383E-18	-1.847572947492298E-18
			-1.406958265476283E-21	1.497659375077678E-21
			2.606751406908713E-25	-3.576763583375903E-25
# Thu 16:42:25 22-Jan-2004
begin	im3
	xrefmean	1090.435497382199
	yrefmean	1175.216806282722
	lngmean		108.32795084211
	latmean		0.1440066443507853
	pixsystem	logical
	coosystem	j2000
	projection	tnx
	lngref		108.41559
	latref		0.06967
	lngunits	degrees
	latunits	degrees
	xpixref		2396.952993651437
	ypixref		2708.817571973765
	geometry	general
	function	polynomial
	xishift		-557.2978858961979
	etashift	490.9605800002178
	xmag		0.2057477893350621
	ymag		0.2057702415567086
	xrotation	90.01066409459438
	yrotation	89.77311730788187
	wcsxirms	0.06065879967925933
	wcsetarms	0.06302625983790183
	xirms		0.06065879967925998
	etarms		0.06302625983790427
	surface1	11
			3.	3.
			2.	2.
			2.	2.
			0.	0.
			19.03	19.03
			2127.92	2127.92
			32.72	32.72
			2414.03	2414.03
			-557.2978858961979	490.9605800002178
			-3.829451128917194E-5	-0.2057477857713067
			0.2057686282777374	8.148171601906678E-4
	surface2	33
			3.	3.
			5.	5.
			5.	5.
			1.	1.
			19.03	19.03
			2127.92	2127.92
			32.72	32.72
			2414.03	2414.03
			-1.169504716746669	-0.9524660276409795
			0.007585535345352858	0.00168314483211833
			-1.146200608103976E-5	-1.187727355593321E-6
			6.447254311099354E-9	3.281191486559975E-10
			-1.201124679929532E-12	-3.012812366977819E-14
			0.005754461997155198	0.002331159994590565
			-2.998613186936011E-5	-5.723611412618195E-6
			4.304689867346712E-8	7.693897906907352E-9
			-2.414375051318217E-11	-4.399290972066819E-12
			4.600538545931388E-15	8.317553601140950E-16
			-8.016094461343243E-6	-2.899139521558837E-6
			3.934649457535036E-8	1.156373574365276E-8
			-5.600133497658089E-11	-1.657394497392706E-11
			3.109367289360412E-14	9.213944813978958E-15
			-5.879519973822450E-18	-1.674478559315799E-18
			4.353590505067417E-9	1.697842223671742E-9
			-2.103041517061862E-11	-8.352081080477574E-12
			3.014590599782931E-14	1.228771772304184E-14
			-1.689104816596809E-17	-6.851171043328627E-18
			3.242203450192058E-21	1.254795889010271E-21
			-8.193577486227953E-13	-3.699993116031644E-13
			3.932048256627094E-15	1.887300550736532E-15
			-5.669287939008316E-18	-2.787245533206954E-18
			3.219836671478039E-21	1.557380850693530E-21
			-6.299470845356456E-25	-2.879200389739278E-25
# Thu 16:43:21 22-Jan-2004
begin	im4
	xrefmean	1082.899269662921
	yrefmean	1185.113651685393
	lngmean		108.3291485818933
	latmean		-0.002199910078651687
	pixsystem	logical
	coosystem	j2000
	projection	tnx
	lngref		108.41559
	latref		0.06967
	lngunits	degrees
	latunits	degrees
	xpixref		-177.864318450295
	ypixref		2698.496105631388
	geometry	general
	function	polynomial
	xishift		-555.6230423998099
	etashift	-35.10814670609256
	xmag		0.2059319670390467
	ymag		0.2059260972240423
	xrotation	89.89730468662997
	yrotation	90.1566968485206
	wcsxirms	0.06676273840317232
	wcsetarms	0.084432898002512
	xirms		0.06676273840317032
	etarms		0.08443289800251063
	surface1	11
			3.	3.
			2.	2.
			2.	2.
			0.	0.
			19.	19.
			2119.050000000001	2119.050000000001
			33.86	33.86
			2421.96	2421.96
			-555.6230423998099	-35.10814670609256
			3.691063590415613E-4	-0.2059316362511276
			0.2059253271076253	-5.631816254605002E-4
	surface2	33
			3.	3.
			5.	5.
			5.	5.
			1.	1.
			19.	19.
			2119.050000000001	2119.050000000001
			33.86	33.86
			2421.96	2421.96
			-0.8865347298719434	2.699339692402262
			0.006716786583147012	-0.01011175078122455
			-1.177462829928777E-5	1.124843145261760E-5
			8.015369136696868E-9	-4.361805294555086E-9
			-1.833125771815969E-12	4.592420962277425E-13
			0.004172505045752409	-0.01646647038036678
			-2.673583575763864E-5	6.163220786011940E-5
			4.667946992045489E-8	-7.338680091570358E-8
			-3.115215713845182E-11	3.393410811536061E-11
			6.937477368856832E-15	-5.248006360762408E-15
			-6.705016100238259E-6	2.511607507646391E-5
			3.604964066187579E-8	-9.463619487379887E-8
			-6.294937076641570E-11	1.137727309075838E-10
			4.197080399329161E-14	-5.378471388697327E-14
			-9.301809547377574E-18	8.635751410206031E-18
			4.014680878982181E-9	-1.398871640787510E-8
			-1.977289478955983E-11	5.277946425476915E-11
			3.420613739367699E-14	-6.346616403122649E-14
			-2.274265029330482E-17	2.996301709453880E-17
			5.035338731301588E-21	-4.793745513808370E-21
			-7.608146403188551E-13	2.615215067138378E-12
			3.702484912851720E-15	-9.723357288643665E-15
			-6.358670948264678E-18	1.154299546436200E-17
			4.212612994393534E-21	-5.356570527867607E-21
			-9.318093304005873E-25	8.356657137854826E-25
