# Tue 18:05:45 11-Jun-2002
begin	im0
	xrefmean	993.6012648221344
	yrefmean	983.4839920948624
	lngmean		112.4932329644268
	latmean		-2.098032924901187
	pixsystem	logical
	coosystem	j2000
	projection	tnx
	lngref		112.492083
	latref		-2.09599
	lngunits	degrees
	latunits	degrees
	xpixref		1014.43044732244
	ypixref		1020.518549288973
	geometry	general
	function	polynomial
	xishift		203.332834330494
	etashift	-204.1413417911456
	xmag		0.2002056690856952
	ymag		0.2001843895193148
	xrotation	179.9575695033263
	yrotation	359.9332045379759
	wcsxirms	0.1059346511362443
	wcsetarms	0.1046543466712227
	xirms		0.1059346511362453
	etarms		0.1046543466712226
	surface1	11
			3.	3.
			2.	2.
			2.	2.
			0.	0.
			5.639999999999999	5.639999999999999
			2030.39	2030.39
			11.65	11.65
			2041.73	2041.73
			203.332834330494	-204.1413417911456
			-0.2002056141875942	-1.482626691168554E-4
			-2.333750561170973E-4	0.2001842534848931
	surface2	33
			3.	3.
			5.	5.
			5.	5.
			1.	1.
			5.639999999999999	5.639999999999999
			2030.39	2030.39
			11.65	11.65
			2041.73	2041.73
			0.6389295791358478	-1.206283139722543
			-0.002577342123479501	0.005279876114166976
			3.218508512050877E-6	-7.798733054922046E-6
			-1.747835383778677E-9	4.767509999686797E-9
			3.620045910607880E-13	-1.000095850211498E-12
			-0.007720125420297589	0.005709347113148166
			2.360026413890803E-5	-2.129262191180956E-5
			-2.634141933129270E-8	2.914462331661592E-8
			1.399589159900495E-11	-1.858335226584448E-11
			-2.851956787153630E-15	4.257862498659909E-15
			1.671693125879288E-5	-8.673919002266616E-6
			-4.843447733780593E-8	2.821066698091970E-8
			5.542123510884383E-11	-3.484159624065147E-11
			-3.136099099883022E-14	2.161827669454414E-14
			6.753363222227553E-18	-4.941226634509333E-18
			-1.252395030473550E-8	5.116885921475495E-9
			3.656523810007931E-11	-1.502906003128756E-11
			-4.353170777217558E-14	1.720383588838065E-14
			2.543644503207993E-17	-1.043484183982281E-17
			-5.569512060652979E-21	2.352160891065370E-21
			3.058540836237666E-12	-1.033173119056729E-12
			-9.204730704802530E-15	2.837722730753153E-15
			1.143194834915434E-17	-3.121866004584154E-18
			-6.828032030444758E-21	1.904164082937174E-21
			1.506180783918399E-24	-4.324660460468609E-25
