# Thu 14:46:45 19-Feb-2004
begin	im0
	xrefmean	957.6446753246752
	yrefmean	1023.052857142857
	lngmean		111.0596212597402
	latmean		-0.5103867662337662
	pixsystem	logical
	coosystem	j2000
	projection	tnx
	lngref		111.062552
	latref		-0.51665
	lngunits	degrees
	latunits	degrees
	xpixref		1042.577011816743
	ypixref		983.6069235397769
	geometry	general
	function	chebyshev
	xishift		260.9540369454539
	etashift	278.051632105566
	xmag		0.2659768492597537
	ymag		0.2660927678647056
	xrotation	89.83975146009431
	yrotation	269.8355169070353
	wcsxirms	0.0405413514695509
	wcsetarms	0.04266028939982186
	xirms		0.04054135146955112
	etarms		0.04266028939982218
	surface1	11
			1.	1.
			2.	2.
			2.	2.
			0.	0.
			28.01	28.01
			1919.97	1919.97
			102.01	102.01
			1966.	1966.
			-13.46153029695797	18.20398734088302
			0.7037147827698539	-251.607795764603
			-247.9961072737755	-0.7119421216090158
	surface2	33
			1.	1.
			5.	5.
			5.	5.
			1.	1.
			28.01	28.01
			1919.97	1919.97
			102.01	102.01
			1966.	1966.
			0.06523016837130928	-0.1152877873962137
			0.1143659710759391	0.1906159177802668
			0.07653578337491401	-0.2494524209613824
			0.07626445496847527	0.1437940681469745
			0.1157580624501054	-0.06096982096395569
			0.2150877081797007	0.05092208959117201
			-0.2065766669137273	0.05287494573815429
			0.1244388102294622	0.06889116673197194
			-0.04105837919710288	0.04521554456218249
			0.09143184586806343	0.04359490101115638
			0.1449996367103634	-0.1243819293653264
			0.2722113228808739	0.2605182601584927
			0.1598473716407788	-0.09250599425522349
			0.1946937293335093	0.05314461640322313
			0.2411926223120585	-0.0553074448132895
			0.1986047950502423	0.02764880248320995
			0.07062886149762891	0.07446916438215273
			0.01796757894661648	0.04733604623708027
			-0.01816568487358424	0.06397154274936585
			0.1077425741814201	0.03000233396747714
			0.08826985264965037	-0.04593987870945249
			0.1206213582774262	0.155867063868521
			0.1176286193039647	-0.04871877697942195
			0.07754362743115494	0.04929849430907324
			0.09591166515984099	-0.00910699931234134
