# Fri 15:54:03 05-Mar-2004
begin	im1
	xrefmean	1004.607367636093
	yrefmean	1292.356815809098
	lngmean		9.723661417687035
	latmean		-43.28572104150883
	pixsystem	logical
	coosystem	j2000
	projection	tnx
	lngref		9.6019035
	latref		-43.21666999999999
	lngunits	degrees
	latunits	degrees
	xpixref		-206.4089968405125
	ypixref		-257.2597059424086
	geometry	general
	function	polynomial
	xishift		52.94086533070315
	etashift	-42.4098900900092
	xmag		0.2062226167207997
	ymag		0.2061433676436206
	xrotation	90.12287666794097
	yrotation	89.8312268102607
	wcsxirms	0.03002735050569032
	wcsetarms	0.03658906147342236
	xirms		0.03002735050569096
	etarms		0.03658906147342221
	surface1	11
			3.	3.
			2.	2.
			2.	2.
			0.	0.
			4.83	4.83
			2042.07	2042.07
			39.2	39.2
			2435.68	2435.68
			52.94086533070315	-42.4098900900092
			-4.422613994380691E-4	-0.2062221424872422
			0.2061424732965157	6.072286622245938E-4
	surface2	57
			3.	3.
			7.	7.
			7.	7.
			1.	1.
			4.83	4.83
			2042.07	2042.07
			39.2	39.2
			2435.68	2435.68
			0.2304209148760771	0.09446943161445567
			-0.01252954675879043	-0.008648883675861503
			4.529225800808289E-5	3.949431646813089E-5
			-6.768781172864876E-8	-7.090301051028329E-8
			5.337853170318336E-11	6.145914305553782E-11
			-2.225311023872041E-14	-2.569510325915795E-14
			3.832647483268669E-18	4.157563178293501E-18
			-0.001059967056035498	-2.150632747637746E-5
			6.688281431489375E-5	4.314600014443273E-5
			-2.251882887743130E-7	-1.970840299100429E-7
			3.101128352032818E-10	3.501809980440873E-10
			-2.315876881588228E-13	-3.013661951416928E-13
			9.604391099856560E-17	1.256584209388950E-16
			-1.709513096881012E-20	-2.035899450089032E-20
			1.719933751563807E-6	-1.159882729192889E-6
			-1.353444645015936E-7	-7.796410210605535E-8
			4.227293812371974E-10	3.494258797069276E-10
			-5.265082971294987E-13	-5.987195345302903E-13
			3.652167917685506E-16	5.008560936244029E-16
			-1.513832066177955E-19	-2.054885339909489E-19
			2.847243498315857E-23	3.313728939496747E-23
			-1.221863292608736E-9	2.437781584539661E-9
			1.353879172921492E-10	6.804016432204619E-11
			-3.913111364004591E-13	-2.901884518977768E-13
			4.306157039751489E-16	4.582609508710021E-16
			-2.689676124331750E-19	-3.566382889691419E-19
			1.126910474745477E-22	1.394130584561246E-22
			-2.325109437857497E-26	-2.202001154475353E-26
			3.686645964499197E-13	-1.950291367252090E-12
			-7.191810896599215E-14	-3.105255966045514E-14
			1.925624726915544E-16	1.198799217777692E-16
			-1.824755509496719E-19	-1.581535026069083E-19
			9.751022866194949E-23	9.983663645902096E-23
			-4.235041104123463E-26	-3.239626027669409E-26
			1.015557260410354E-29	4.607352237474968E-30
			-2.704114581352979E-17	6.900979655501787E-16
			1.952399894357980E-17	7.158034633419484E-18
			-4.867064536556512E-20	-2.298105474601209E-20
			3.871237906180733E-23	1.828891769516700E-23
			-1.612709667603194E-26	-8.031285644767148E-28
			7.696866256999943E-30	-3.550297768300049E-30
			-2.327223236563096E-33	8.663631289565142E-34
			-4.056180783476006E-21	-9.049849458102389E-20
			-2.138494945693784E-21	-6.611727223000880E-22
			5.003251421248952E-24	1.494093689046471E-24
			-3.261625415031176E-27	7.037306453778042E-28
			8.559722764091933E-31	-2.832346129915451E-30
			-5.269975215308803E-34	1.769135758490951E-33
			2.238443922084250E-37	-3.329713537873590E-37
# Fri 15:59:13 05-Mar-2004
begin	im2
	xrefmean	1004.47909451946
	yrefmean	1182.489610802224
	lngmean		9.714743109615994
	latmean		-43.14721417350876
	pixsystem	logical
	coosystem	j2000
	projection	tnx
	lngref		9.6019035
	latref		-43.21666999999999
	lngunits	degrees
	latunits	degrees
	xpixref		2231.985949716968
	ypixref		-250.5937825095303
	geometry	general
	function	polynomial
	xishift		51.40917179356082
	etashift	461.4214055098594
	xmag		0.2068004157603631
	ymag		0.2066499287494573
	xrotation	89.95335436381971
	yrotation	90.17045952264771
	wcsxirms	0.05542641463503845
	wcsetarms	0.0184588881977474
	xirms		0.05542641463503867
	etarms		0.01845888819774717
	surface1	11
			3.	3.
			2.	2.
			2.	2.
			0.	0.
			11.1	11.1
			2044.57	2044.57
			8.06	8.06
			2425.54	2425.54
			51.40917179356082	461.4214055098594
			1.683641118750737E-4	-0.2068003472245268
			0.2066490142217841	-6.147953485998351E-4
	surface2	57
			3.	3.
			7.	7.
			7.	7.
			1.	1.
			11.1	11.1
			2044.57	2044.57
			8.06	8.06
			2425.54	2425.54
			-0.268467009333085	-0.09249721076103876
			0.003013830616989193	0.001421237372688808
			-1.265951366383029E-5	-6.176477630807671E-6
			2.317365112936224E-8	1.080180452175028E-8
			-2.052633014837494E-11	-8.750784763294626E-12
			8.640504096435469E-15	3.307204387179845E-15
			-1.383676378848218E-18	-4.730824795853372E-19
			0.001987186132490687	4.949090475892716E-4
			-2.328272323385067E-5	-7.318133112551504E-6
			8.333900334213238E-8	3.257079631698728E-8
			-1.284597796114750E-10	-5.956391502107596E-11
			9.666183061902735E-14	5.075931952012005E-14
			-3.509164447788177E-17	-2.018887458254531E-17
			4.925738084124530E-21	3.034856705144727E-21
			-5.169252145070566E-6	-8.660466277584889E-7
			6.606006478387005E-8	1.205470870402870E-8
			-2.166291687372236E-10	-5.596586753210496E-11
			2.928172703311178E-13	1.087734770281630E-13
			-1.852440490527271E-16	-9.813320602588991E-17
			5.374727652450607E-20	4.096475972826342E-20
			-5.615100613903349E-24	-6.408531085011266E-24
			6.482116478048944E-9	6.187657391854829E-10
			-8.893420254407834E-11	-7.455058559415848E-12
			2.799606979259929E-13	3.806199738529814E-14
			-3.503451136520831E-16	-8.284516329740643E-17
			1.940437213255938E-19	8.147426591615591E-20
			-4.370127580041648E-23	-3.614684328831170E-23
			2.327060109967622E-27	5.900373490707442E-27
			-4.218721457739079E-12	-1.436185235344827E-13
			6.099951021522089E-14	6.499494080994939E-16
			-1.891421943406006E-16	-6.885678459152057E-18
			2.285541778383829E-19	2.323814535970123E-20
			-1.178301856037227E-22	-2.830184608106056E-23
			2.199651411437312E-26	1.408075958343022E-26
			-1.414587618333260E-31	-2.453654694243665E-30
			1.368392949596206E-15	-2.345200383387569E-17
			-2.055994963759766E-17	9.151180620349808E-19
			6.363342072631271E-20	-2.618840268571125E-21
			-7.619680968182497E-23	9.689286399580241E-25
			3.847348709538304E-26	2.137538007390464E-27
			-6.744076967387978E-30	-1.798071706631787E-30
			-7.265285835687409E-35	3.775470329205891E-34
			-1.745834453612109E-19	1.038926896221155E-20
			2.697902579635724E-21	-2.347680667632153E-22
			-8.390050878435618E-24	8.481576817845104E-25
			1.009700514403702E-26	-1.041366730462810E-27
			-5.149775065721737E-30	5.037461577153585E-31
			9.347239611704846E-34	-8.278638220703157E-35
			0.	0.
# Fri 16:05:28 05-Mar-2004
begin	im3
	xrefmean	1031.137628865982
	yrefmean	1241.605942562591
	lngmean		9.489104291443048
	latmean		-43.14157000899544
	pixsystem	logical
	coosystem	j2000
	projection	tnx
	lngref		9.6019035
	latref		-43.21666999999999
	lngunits	degrees
	latunits	degrees
	xpixref		2359.11109229508
	ypixref		2702.743064224796
	geometry	general
	function	polynomial
	xishift		-556.0526673157212
	etashift	484.0440337434915
	xmag		0.2059669620353643
	ymag		0.2059113181893466
	xrotation	90.05537836868825
	yrotation	89.80905599935516
	wcsxirms	0.08705701997023645
	wcsetarms	0.1485740765462847
	xirms		0.08705701997023671
	etarms		0.148574076546285
	surface1	11
			3.	3.
			2.	2.
			2.	2.
			0.	0.
			10.31	10.31
			2042.320000000001	2042.320000000001
			12.78	12.78
			2439.48	2439.48
			-556.0526673157212	484.0440337434915
			-1.990704406168088E-4	-0.2059668658329219
			0.2059101747283369	6.862228647469632E-4
	surface2	57
			3.	3.
			7.	7.
			7.	7.
			1.	1.
			10.31	10.31
			2042.320000000001	2042.320000000001
			12.78	12.78
			2439.48	2439.48
			0.01735174538266293	0.01223779842483246
			-1.201488837421714E-4	-5.263512892095998E-4
			2.237298238723464E-7	2.766147563370894E-6
			6.678829191034530E-11	-5.459984832111324E-9
			-4.078456559260251E-13	4.884178253265613E-12
			2.940300670172715E-16	-2.032957278582166E-15
			-6.422195170518905E-20	3.217838103714916E-19
			-2.159273273994164E-4	-2.527114308613338E-4
			2.538237656818087E-6	8.260178158945006E-6
			-3.076883124704472E-9	-4.824977960849828E-8
			-5.796578153764142E-12	9.961411079974185E-11
			1.301684145630303E-14	-9.178616661172958E-14
			-8.138961721531369E-18	3.912043819826477E-17
			1.664926907036929E-21	-6.318875993918570E-21
			1.617369290592831E-6	-6.767776770069346E-7
			-1.623627536136801E-8	-1.700542183266880E-8
			2.420659391010424E-11	1.461512528519659E-10
			1.638004462893458E-14	-3.331538675005327E-13
			-5.511195364082198E-17	3.207257905625754E-16
			3.670040619912504E-20	-1.404378926205339E-19
			-7.693772695578248E-24	2.316149097885605E-23
			-4.376935007733218E-9	4.998106483182361E-9
			4.071828341431979E-11	-8.636138366989600E-12
			-7.771726085137503E-14	-1.222490270633551E-13
			2.091301166670965E-17	3.669171988009406E-16
			6.110671650114127E-20	-3.874575255257570E-19
			-5.203235543163591E-23	1.784281946560335E-22
			1.186189919853302E-26	-3.051901112467035E-26
			4.838934645751792E-12	-7.116724749855084E-12
			-4.447572739106806E-14	3.821318156611690E-14
			1.005756778392754E-16	-1.092530298695895E-17
			-7.656895735526481E-20	-1.171051944745144E-19
			-1.848045942019419E-24	1.674313212455656E-22
			2.375243917406927E-26	-8.726166524440643E-26
			-6.889011665848478E-30	1.613199482785395E-29
			-2.252628804744091E-15	3.684891427581985E-15
			2.087274964083580E-17	-2.492802768586801E-17
			-5.244624715420913E-20	4.218555476644319E-20
			5.344232543085443E-23	-1.962445691017141E-23
			-1.997370636250468E-26	-1.038652319099313E-26
			-6.328061270399731E-31	1.199763089763674E-29
			1.320853820320314E-33	-2.913748479343113E-33
			3.687665937931833E-19	-6.374958856546298E-19
			-3.462551135534992E-21	4.788956871432915E-21
			9.322764654762289E-24	-1.065491184895934E-23
			-1.091610908660720E-26	1.079488020249259E-26
			5.733323451911552E-30	-5.262092704444849E-30
			-1.107410486962324E-33	9.998546397139985E-34
			0.	0.
# Fri 16:11:50 05-Mar-2004
begin	im4
	xrefmean	1053.407075617286
	yrefmean	1198.983634259259
	lngmean		9.48835569701629
	latmean		-43.28695982509636
	pixsystem	logical
	coosystem	j2000
	projection	tnx
	lngref		9.6019035
	latref		-43.21666999999999
	lngunits	degrees
	latunits	degrees
	xpixref		-215.7374141374831
	ypixref		2685.472986560164
	geometry	general
	function	polynomial
	xishift		-553.2330892782077
	etashift	-42.86691914168755
	xmag		0.2058747410586426
	ymag		0.206019327722527
	xrotation	89.96893170789714
	yrotation	90.16030853226579
	wcsxirms	0.07731661682573282
	wcsetarms	0.1498241959511734
	xirms		0.07731661682573292
	etarms		0.149824195951173
	surface1	11
			3.	3.
			2.	2.
			2.	2.
			0.	0.
			6.48	6.48
			2044.33	2044.33
			6.719999999999998	6.719999999999998
			2434.8	2434.8
			-553.2330892782077	-42.86691914168755
			1.116381091284236E-4	-0.2058747107900718
			0.2060185213420674	-5.764193526472743E-4
	surface2	57
			3.	3.
			7.	7.
			7.	7.
			1.	1.
			6.48	6.48
			2044.33	2044.33
			6.719999999999998	6.719999999999998
			2434.8	2434.8
			0.03982862901214882	0.02617313390745056
			-0.001067084393618266	8.880206726234202E-4
			5.028019606350682E-6	-5.198380711175904E-6
			-1.012110767498513E-8	1.096791945938982E-8
			9.758687503290982E-12	-1.033300628133494E-11
			-4.464138718446418E-15	4.506529021709072E-15
			7.758693839603150E-19	-7.421505842541293E-19
			-4.555186397154209E-4	2.329819364280839E-4
			7.060497343212710E-6	-1.141390776482912E-5
			-2.157080674952615E-8	6.803107352012252E-8
			2.771621496246389E-11	-1.342119951934347E-10
			-1.913198103774055E-14	1.162009023622253E-13
			8.162821301878794E-18	-4.659633474468723E-17
			-1.637216236870566E-21	7.110090986877402E-21
			2.071235174808482E-6	-8.923727525022171E-7
			-2.650947303141983E-8	3.197706879678024E-8
			6.028983873592199E-11	-2.008917861086139E-10
			-3.131703878344952E-14	3.843068998166377E-13
			-1.734708789729866E-17	-3.144048487274637E-16
			1.578671216508106E-20	1.178973278599573E-19
			-2.587445552142839E-24	-1.674304305196411E-23
			-3.683758028082593E-9	1.421235956858009E-9
			4.633970415916117E-11	-4.033210716527613E-11
			-1.076877703485549E-13	2.577417848261220E-13
			5.588480359384973E-17	-4.801492290847380E-16
			3.471020230540690E-20	3.729809945835608E-19
			-3.344186949532110E-23	-1.303735942908322E-22
			6.365175283176618E-27	1.696634644786247E-26
			3.006832548008575E-12	-1.079308301756994E-12
			-3.842517114803906E-14	2.512210252730950E-14
			9.764218451621188E-17	-1.596599821288072E-16
			-7.058283930538532E-20	2.884444357050499E-19
			-3.371119755028606E-24	-2.108804072777954E-22
			1.706196559676527E-26	6.706295378119953E-26
			-3.793341389392516E-30	-7.564937862108187E-30
			-1.134348198700318E-15	3.825723110537501E-16
			1.481102033466583E-17	-7.508409930906168E-18
			-4.081715909880074E-20	4.687407802410017E-20
			3.693988887278765E-23	-8.147113553910241E-23
			-9.373166347921536E-27	5.492044906603995E-26
			-1.759309005057544E-30	-1.498249729614924E-29
			7.045233362615088E-34	1.213282044844713E-33
			1.605194449890191E-19	-5.111980139313702E-20
			-2.138779901128295E-21	8.598268345221795E-22
			6.282065640408072E-24	-5.228898321578191E-24
			-6.547872442774754E-27	8.645987210357185E-27
			2.706037395829654E-30	-5.179987020399755E-30
			-3.708127206276471E-34	1.037690906087646E-33
			0.	0.
