# Tue 17:36:31 11-Jun-2002
begin	im0
	xrefmean	998.8515810276684
	yrefmean	984.7073122529646
	lngmean		112.4928605138339
	latmean		-2.097890553359685
	pixsystem	logical
	coosystem	j2000
	projection	tnx
	lngref		112.492083
	latref		-2.09599
	lngunits	degrees
	latunits	degrees
	xpixref		1012.922187916052
	ypixref		1019.10284587665
	geometry	general
	function	polynomial
	xishift		203.039661846877
	etashift	-203.7906868406933
	xmag		0.2002271682085877
	ymag		0.2001134749605544
	xrotation	179.9589238230263
	yrotation	359.9367378365206
	wcsxirms	0.08515205600285909
	wcsetarms	0.09127796182177544
	xirms		0.08515205600285936
	etarms		0.09127796182177499
	surface1	11
			3.	3.
			2.	2.
			2.	2.
			0.	0.
			12.29	12.29
			2029.64	2029.64
			10.07	10.07
			2040.46	2040.46
			203.039661846877	-203.7906868406933
			-0.2002271167535668	-1.435457543583849E-4
			-2.209518554897637E-4	0.2001133529804196
	surface2	33
			3.	3.
			5.	5.
			5.	5.
			1.	1.
			12.29	12.29
			2029.64	2029.64
			10.07	10.07
			2040.46	2040.46
			0.5416234419453256	0.2858973283641397
			-0.001948853793019048	-2.553280348473585E-4
			2.104896297182738E-6	-8.302668857419613E-7
			-1.064742813420564E-9	1.090657589302040E-9
			2.466731133690760E-13	-3.107138200574531E-13
			-0.006237244116048574	0.001510588600304702
			1.511432262868700E-5	-5.863759922006959E-6
			-1.123567253291607E-8	9.686834227734676E-9
			3.809574368152279E-12	-7.957298672232383E-12
			-6.855472415948993E-16	2.188470265859745E-15
			1.406868623074555E-5	-4.579836261937895E-6
			-3.038027258450135E-8	1.255199008047478E-8
			1.942647718311580E-11	-1.643419659040532E-11
			-5.029681556284476E-15	1.250273652273786E-14
			6.703316809332287E-19	-3.428266172724506E-18
			-1.121844871914567E-8	3.480962705086026E-9
			2.460425176182903E-11	-7.983673012910042E-12
			-1.693164585454268E-14	9.705399320207828E-15
			4.942027847763064E-18	-7.438908202955561E-18
			-6.615171227250604E-22	2.078829022329214E-21
			2.924795795712016E-12	-8.205077266151654E-13
			-6.798946990787491E-15	1.621275560358315E-15
			5.311710308001941E-18	-1.840180444186539E-18
			-1.864544281278518E-21	1.457345626398047E-21
			2.825580577187836E-25	-4.236684143036556E-25
